eye 50 50 100
look 50 50 10
up 0 1 0
d 5
bounds -2 -2 2 2
res 512 512
recursionLevel 6
ambient .2 .2 .2
light 20 100 100 1 .75 .75 .75
light 80 100 100 1 .75 .75 .75
sphere 35 60 20 5 1 0 0 1 0 0 1 1 1 .9 .9 .9 1 1 1 32 1.3
sphere 50 60 20 5 0 0 1 0 0 1 1 1 1 .9 .9 .9 1 1 1 32 1.3
sphere 42 47 20 5 0 1 0 0 1 0 1 1 1 .9 .9 .9 1 1 1 32 1.3
sphere 58 47 20 5 1 0 0 1 0 0 1 1 1 .9 .9 .9 1 1 1 32 1.3
sphere 65 60 20 5 0 1 0 0 1 0 1 1 1 .9 .9 .9 1 1 1 32 1.3
sphere 50 35 20 5 0 0 1 0 0 1 1 1 1 .9 .9 .9 1 1 1 32 1.3

sphere 42 73 20 5 .7 .7 .7 .7 .7 .7 1 1 1 .9 .9 .9 1 1 1 32 1.3
sphere 57 73 20 5 .7 .7 .7 .7 .7 .7 1 1 1 .9 .9 .9 1 1 1 32 1.3

sphere 40 60 35 7 .2 .2 .2 .6 .6 .6 .5 .5 .5 .9 .9 .9 .5 .5 .5 64 2
sphere 60 40 35 7 .2 .2 .2 .6 .6 .6 .5 .5 .5 .9 .9 .9 .5 .5 .5 64 2

sphere 50 50 60 7 .2 .2 .2 .4 .4 .4 .5 .5 .5 .9 .9 .9 .5 .5 .5 64 2